=========================================================================================
Entrada: inputs/input_1.txt;
——————————–——————————–——————————–——————————–——————————–——————————–——————————–——————————––
A
0.359407 0.692644 0.308832 0.484657 0.756168 0.486422 0.194382 0.249461 0.293654 0.241120 
0.389330 0.696868 0.117803 0.947344 0.632389 0.786148 0.376669 0.976973 0.697514 0.505157 
0.624171 0.844034 0.691938 0.072166 0.260367 0.430188 0.959973 0.129204 0.579853 0.078353 
0.312197 0.734595 0.167843 0.495533 0.543354 0.307342 0.593286 0.855814 0.850712 0.030112 
0.755492 0.196380 0.778023 0.663353 0.019011 0.826866 0.956396 0.321654 0.641526 0.813799 
0.481820 0.438317 0.911461 0.616378 0.266532 0.108693 0.210928 0.095154 0.096157 0.063337 
0.906141 0.908746 0.335151 0.572886 0.743608 0.795862 0.176550 0.428795 0.325975 0.801404 
0.251403 0.459686 0.511156 0.675662 0.203815 0.284493 0.400144 0.126219 0.319428 0.018114 
0.850320 0.203677 0.247213 0.007770 0.766251 0.694461 0.069725 0.189441 0.128444 0.334173 
0.865718 0.411812 0.731126 0.720696 0.489593 0.268755 0.345615 0.905015 0.897772 0.553550 
——————————–——————————–——————————–——————————–——————————–——————————–——————————–——————————––
B
0.091632 0.228083 0.648330 0.249504 0.964171 0.432471 0.251903 0.287439 0.107745 0.145499 
0.932346 0.999311 0.261712 0.733204 0.931158 0.038989 0.889181 0.194784 0.451107 0.517252 
0.611452 0.219027 0.115695 0.596122 0.600008 0.122147 0.967980 0.234731 0.662746 0.644897 
0.300201 0.668392 0.522972 0.689196 0.491106 0.640659 0.837086 0.271229 0.039895 0.970703 
0.376599 0.632180 0.484791 0.691046 0.709253 0.655965 0.216205 0.049147 0.951715 0.997712 
0.556442 0.898756 0.000240 0.075381 0.104256 0.317772 0.686824 0.227715 0.148199 0.130840 
0.105439 0.011865 0.619116 0.747264 0.071785 0.028827 0.694130 0.003839 0.777929 0.238874 
0.371068 0.609248 0.450868 0.006833 0.726432 0.593734 0.055381 0.754786 0.319294 0.525079 
0.674612 0.429066 0.943960 0.409483 0.518332 0.988985 0.608617 0.372968 0.698814 0.406970 
0.793049 0.927259 0.291551 0.739459 0.898733 0.295307 0.469369 0.170409 0.673442 0.844653 
——————————–——————————–——————————–——————————–——————————–——————————–——————————–——————————––
C
2.070870 2.584801 1.650496 2.120366 2.565920 1.696593 2.349277 0.929746 1.965394 2.398860 
2.990829 3.917904 2.730014 2.774797 3.642977 2.911426 3.278612 1.827430 2.623128 3.459980 
2.228781 2.148392 2.092475 2.462767 2.601606 1.442079 3.052863 0.967390 2.467028 1.959051 
2.318437 2.714367 2.501704 2.276535 2.878813 2.331175 2.628774 1.473970 2.408250 2.559714 
2.692807 2.974691 2.567529 2.910272 3.169796 2.222954 3.699436 1.431579 2.695783 2.830131 
1.528669 1.586174 1.266855 1.846597 2.113689 1.117437 2.281563 0.762136 1.452389 1.956066 
3.063287 3.902806 2.368365 2.921810 4.026057 2.394681 3.268506 1.471770 2.619948 3.297065 
1.520947 1.700310 1.406116 1.776506 1.785435 1.253786 2.259565 0.758874 1.423317 1.807591 
1.525615 2.046599 1.356151 1.449183 2.287053 1.474369 1.577658 0.788129 1.609351 1.702063 
2.877511 3.255851 2.998820 2.850473 4.031126 2.946689 3.281933 1.894998 2.856123 3.424378 
——————————–——————————–——————————–——————————–——————————–——————————–——————————–——————————––
V
5.795999 5.586759 4.800546 5.256445 4.681088 4.989230 4.283668 4.277730 4.831035 3.439119 
——————————–——————————–——————————–——————————–——————————–——————————–——————————–——————————––
E
47.941619
=========================================================================================

=========================================================================================
Entrada: inputs/input_2.txt;
——————————–——————————–——————————–——————————–——————————–——————————–——————————–——————————––
A
0.362736 0.696483 0.130582 0.065788 0.769523 0.425283 0.165941 0.062551 0.994257 0.689972 
0.242404 0.869278 0.481785 0.851574 0.102504 0.676794 0.461716 0.618020 0.824502 0.871003 
0.689683 0.765988 0.513986 0.538439 0.941660 0.179561 0.582655 0.303300 0.698096 0.738202 
0.955137 0.590296 0.630040 0.995960 0.091873 0.811713 0.093626 0.624468 0.291057 0.095643 
0.675260 0.821457 0.825537 0.147710 0.195162 0.701542 0.798654 0.103595 0.690822 0.528603 
0.633162 0.796653 0.828496 0.419850 0.228010 0.408258 0.562045 0.643021 0.663563 0.466892 
0.559967 0.445953 0.269651 0.925508 0.672751 0.238241 0.059972 0.630397 0.540808 0.589559 
0.079231 0.403805 0.934580 0.099582 0.494966 0.571279 0.354283 0.521853 0.057335 0.343372 
0.173485 0.165419 0.881703 0.353752 0.665471 0.995167 0.793195 0.755577 0.232609 0.770474 
0.300566 0.259245 0.823354 0.405410 0.913950 0.551873 0.566512 0.672344 0.647110 0.211651 
——————————–——————————–——————————–——————————–——————————–——————————–——————————–——————————––
B
0.592079 0.544771 0.460726 0.706590 0.490759 0.943469 0.546350 0.042270 0.743354 0.658598 
0.095630 0.703619 0.946120 0.192855 0.875769 0.087919 0.127728 0.746923 0.673578 0.828682 
0.264500 0.161512 0.475643 0.428027 0.924658 0.875493 0.868208 0.664326 0.468015 0.265803 
0.202722 0.467991 0.472077 0.706449 0.439854 0.176918 0.597873 0.963179 0.651541 0.929325 
0.355896 0.345251 0.674855 0.157492 0.477663 0.726203 0.704275 0.230674 0.780536 0.245678 
0.805949 0.579873 0.464263 0.633368 0.124097 0.014436 0.515218 0.424918 0.898193 0.273332 
0.471091 0.367554 0.546093 0.696457 0.701658 0.372786 0.441720 0.061603 0.449445 0.587261 
0.171568 0.587715 0.505314 0.869737 0.736592 0.405014 0.001660 0.562791 0.293952 0.356586 
0.616414 0.701959 0.472446 0.540200 0.393586 0.893084 0.424088 0.488699 0.595462 0.092844 
0.821820 0.977017 0.212217 0.194119 0.598631 0.984961 0.678246 0.372563 0.536361 0.625854 
——————————–——————————–——————————–——————————–——————————–——————————–——————————–——————————––
C
2.214687 2.721631 2.374389 1.724557 2.324877 2.749141 2.163942 1.832262 2.880466 1.861094 
2.656243 3.610559 3.087483 3.065093 3.458371 2.978475 2.737170 3.214734 3.581252 3.122819 
2.570056 3.282596 3.217895 2.687455 3.542376 3.640324 3.053123 2.577643 3.678939 2.983557 
2.086670 2.705120 2.731727 3.074708 2.848451 2.401239 2.453309 2.760308 3.302433 2.820235 
2.615787 2.978317 2.935146 2.690449 3.284413 3.087348 2.782241 2.317966 3.404610 2.622779 
2.333326 3.057675 3.025563 2.946522 3.527410 3.160949 2.636341 2.697396 3.300409 2.768346 
2.018855 2.814104 2.541617 2.504397 2.744905 2.800685 2.403649 2.526164 3.035445 2.579716 
1.563454 1.839640 2.066471 1.842263 2.468910 2.046626 2.023304 1.850130 2.263570 1.619883 
2.742226 2.977339 2.822290 3.001697 3.308134 3.078702 3.047157 2.508545 3.427157 2.488990 
2.227824 2.568819 2.839514 2.764639 3.093367 3.040500 2.751899 2.397507 3.207695 2.148755 
——————————–——————————–——————————–——————————–——————————–——————————–——————————–——————————––
V
4.671631 5.814577 6.319714 4.803573 5.075870 5.559711 4.438599 4.935126 5.640159 5.305371 
——————————–——————————–——————————–——————————–——————————–——————————–——————————–——————————––
E
52.564331
=========================================================================================

=========================================================================================
Entrada: inputs/input_3.txt;
——————————–——————————–——————————–——————————–——————————–——————————–——————————–——————————––
A
0.195532 0.526962 0.823899 0.315180 0.672581 0.307560 0.061251 0.789351 0.463711 0.304017 
0.127421 0.670748 0.498709 0.700611 0.152872 0.897365 0.287322 0.662823 0.920337 0.257260 
0.153307 0.807824 0.527081 0.171540 0.649483 0.468409 0.679972 0.149351 0.804037 0.700799 
0.325120 0.152859 0.861794 0.625221 0.583568 0.642323 0.676261 0.331613 0.986518 0.460075 
0.475487 0.282580 0.396789 0.959036 0.151414 0.505142 0.316266 0.101386 0.486451 0.753690 
0.120834 0.651064 0.485648 0.813832 0.335314 0.699510 0.689985 0.145367 0.390402 0.595203 
0.418175 0.009834 0.840302 0.837285 0.591317 0.544173 0.138672 0.517599 0.283006 0.498423 
0.387509 0.525005 0.680117 0.995483 0.042464 0.803589 0.632311 0.001532 0.563354 0.812733 
0.048147 0.800086 0.651387 0.804714 0.846394 0.102710 0.764358 0.727901 0.177396 0.992397 
0.014810 0.861987 0.661625 0.420183 0.360447 0.617971 0.625494 0.005089 0.950348 0.868958 
——————————–——————————–——————————–——————————–——————————–——————————–——————————–——————————––
B
0.764788 0.025238 0.212422 0.472298 0.585148 0.731831 0.462686 0.689063 0.229714 0.513868 
0.298725 0.282602 0.408143 0.288168 0.202001 0.669866 0.196217 0.405244 0.526931 0.610927 
0.213766 0.052859 0.455048 0.404497 0.437559 0.859159 0.363759 0.393984 0.375663 0.311350 
0.179468 0.486231 0.222685 0.653643 0.288710 0.683888 0.982024 0.326016 0.878412 0.754955 
0.870243 0.086670 0.740582 0.385867 0.901122 0.045924 0.480570 0.200403 0.451484 0.778665 
0.447902 0.251611 0.059651 0.897754 0.605107 0.697885 0.467328 0.853557 0.246599 0.733753 
0.485159 0.868310 0.056996 0.405231 0.202913 0.978590 0.665228 0.923705 0.178664 0.546386 
0.745393 0.914411 0.402637 0.641550 0.479586 0.208116 0.729462 0.665165 0.086529 0.186093 
0.905695 0.995021 0.743429 0.238458 0.413488 0.533039 0.889719 0.348968 0.149784 0.588091 
0.786842 0.208880 0.893306 0.856194 0.220482 0.417646 0.326686 0.692160 0.341082 0.875544 
——————————–——————————–——————————–——————————–——————————–——————————–——————————–——————————––
C
2.539996 1.786216 2.155788 2.221225 2.114306 2.263391 2.398475 2.126821 1.540855 2.385513 
2.734559 2.623895 2.047794 2.759138 2.124750 3.100583 3.130348 2.786620 1.810075 2.983759 
2.997882 2.190990 2.471919 2.464765 2.098319 2.997977 2.626242 2.719647 1.712184 3.201087 
3.217051 2.581294 2.449789 2.872639 2.498865 3.432192 3.408301 3.002498 1.904250 3.340687 
2.325641 1.728152 1.846490 2.559796 1.708036 2.798197 2.633783 2.423660 1.837753 2.890730 
2.406914 2.058319 1.903461 2.706026 1.877501 3.164100 2.754391 2.750281 1.989373 3.154591 
2.512562 1.632450 2.003998 2.686717 2.221511 2.616550 2.746232 2.395282 1.835513 2.749276 
2.631753 2.164760 2.088630 3.085324 1.983493 3.721981 3.091727 3.110912 2.187627 3.494526 
3.196999 2.465335 2.800379 3.130295 2.328341 3.200225 3.182698 3.072699 2.356292 3.584593 
2.927848 2.344880 2.573864 2.718886 2.006253 3.374530 2.840533 2.871140 1.941305 3.453954 
——————————–——————————–——————————–——————————–——————————–——————————–——————————–——————————––
V
2.266342 5.288949 6.427351 6.643085 4.385854 5.588752 4.871892 3.432012 6.025560 6.243555 
——————————–——————————–——————————–——————————–——————————–——————————–——————————–——————————––
E
51.173352
=========================================================================================

=========================================================================================
Entrada: inputs/input_4.txt;
——————————–——————————–——————————–——————————–——————————–——————————–——————————–——————————––
A
0.657128 0.250266 0.587611 0.376730 0.669686 0.982302 0.232125 0.225429 0.058709 0.367456 
0.806913 0.505039 0.275850 0.790924 0.731620 0.715902 0.188067 0.324556 0.392622 0.789749 
0.436511 0.804493 0.020327 0.160311 0.541835 0.380717 0.902930 0.951742 0.481512 0.025717 
0.876887 0.597391 0.888053 0.243476 0.459323 0.032432 0.932239 0.539852 0.927125 0.256081 
0.522489 0.240843 0.379333 0.659809 0.609618 0.388526 0.085301 0.025338 0.261773 0.207368 
0.452216 0.403491 0.595202 0.057035 0.606297 0.444812 0.955486 0.973658 0.535638 0.737082 
0.617113 0.550644 0.620981 0.279517 0.980481 0.120692 0.861436 0.603861 0.199447 0.118411 
0.657072 0.783350 0.242830 0.617024 0.044980 0.537534 0.525241 0.536695 0.423720 0.192348 
0.935569 0.724650 0.807650 0.841640 0.479967 0.322528 0.378624 0.134492 0.476526 0.079192 
0.756562 0.981760 0.978578 0.168179 0.060165 0.711055 0.164683 0.979492 0.740178 0.105132 
——————————–——————————–——————————–——————————–——————————–——————————–——————————–——————————––
B
0.065398 0.176120 0.550641 0.089264 0.802354 0.330259 0.447418 0.503949 0.634190 0.862201 
0.502044 0.805079 0.395461 0.636320 0.443725 0.857832 0.030281 0.485095 0.326459 0.870783 
0.949491 0.439017 0.455680 0.377475 0.311711 0.115891 0.213322 0.423546 0.956762 0.038489 
0.115249 0.477493 0.493366 0.663360 0.956041 0.185664 0.564347 0.640082 0.410128 0.192322 
0.072892 0.009891 0.684520 0.624686 0.455137 0.680495 0.152631 0.311197 0.157283 0.124839 
0.699201 0.323018 0.553461 0.429518 0.788385 0.675222 0.632181 0.532339 0.641089 0.338704 
0.365857 0.664211 0.797023 0.865673 0.039404 0.385497 0.833465 0.402417 0.246869 0.243270 
0.014730 0.849695 0.948255 0.472752 0.263114 0.662211 0.208964 0.385915 0.697335 0.180424 
0.740014 0.550179 0.045480 0.072008 0.041125 0.726304 0.046423 0.555127 0.989315 0.900666 
0.321627 0.050882 0.091824 0.004242 0.468424 0.291167 0.321985 0.118251 0.174730 0.025843 
——————————–——————————–——————————–——————————–——————————–——————————–——————————–——————————––
C
1.755484 1.475723 2.351704 1.843186 2.503864 2.077139 1.724369 1.930353 2.287022 1.455402 
1.831418 1.942845 2.605019 2.134575 3.089953 2.662336 1.942850 2.395783 2.638114 2.110383 
1.484866 2.613021 2.874881 2.433260 1.731415 2.827729 1.619928 2.093732 2.321405 2.130824 
2.402146 2.757560 2.896864 2.386076 2.049723 2.749457 1.843173 2.552318 3.362246 2.591419 
1.199385 1.131798 1.636620 1.434022 1.976833 1.522975 1.188322 1.573619 1.722419 1.275860 
2.156422 2.636861 3.146006 2.458559 2.069695 2.904727 2.009465 2.282457 2.965447 1.911073 
1.604228 2.207800 2.995538 2.535692 1.998176 2.460037 1.700493 2.093824 2.363247 1.753714 
1.692538 2.369498 2.379446 2.056802 2.254080 2.346890 1.695931 2.185522 2.466235 2.175559 
2.067952 2.245519 2.550303 2.272156 2.708324 2.329044 1.756248 2.503021 2.902594 2.347384 
2.648687 3.018069 2.871841 2.175558 2.440343 3.038062 1.540738 2.644479 3.745190 2.711722 
——————————–——————————–——————————–——————————–——————————–——————————–——————————–——————————––
V
6.718460 5.841927 5.396415 4.194645 5.183972 4.636500 5.226132 5.295115 4.497250 2.878536 
——————————–——————————–——————————–——————————–——————————–——————————–——————————–——————————––
E
49.868952
=========================================================================================

