=========================================================================================
Entrada: inputs/input_1.txt;
——————————–——————————–——————————–——————————–——————————–——————————–——————————–——————————––
A
0.359407 0.692644 0.308832 0.484657 0.756168 0.486422 0.194382 0.249461 0.293654 0.241120 
0.389330 0.696868 0.117803 0.947344 0.632389 0.786148 0.376669 0.976973 0.697514 0.505157 
0.624171 0.844034 0.691938 0.072166 0.260367 0.430188 0.959973 0.129204 0.579853 0.078353 
0.312197 0.734595 0.167843 0.495533 0.543354 0.307342 0.593286 0.855814 0.850712 0.030112 
0.755492 0.196380 0.778023 0.663353 0.019011 0.826866 0.956396 0.321654 0.641526 0.813799 
0.481820 0.438317 0.911461 0.616378 0.266532 0.108693 0.210928 0.095154 0.096157 0.063337 
0.906141 0.908746 0.335151 0.572886 0.743608 0.795862 0.176550 0.428795 0.325975 0.801404 
0.251403 0.459686 0.511156 0.675662 0.203815 0.284493 0.400144 0.126219 0.319428 0.018114 
0.850320 0.203677 0.247213 0.007770 0.766251 0.694461 0.069725 0.189441 0.128444 0.334173 
0.865718 0.411812 0.731126 0.720696 0.489593 0.268755 0.345615 0.905015 0.897772 0.553550 
——————————–——————————–——————————–——————————–——————————–——————————–——————————–——————————––
B
0.091632 0.228083 0.648330 0.249504 0.964171 0.432471 0.251903 0.287439 0.107745 0.145499 
0.932346 0.999311 0.261712 0.733204 0.931158 0.038989 0.889181 0.194784 0.451107 0.517252 
0.611452 0.219027 0.115695 0.596122 0.600008 0.122147 0.967980 0.234731 0.662746 0.644897 
0.300201 0.668392 0.522972 0.689196 0.491106 0.640659 0.837086 0.271229 0.039895 0.970703 
0.376599 0.632180 0.484791 0.691046 0.709253 0.655965 0.216205 0.049147 0.951715 0.997712 
0.556442 0.898756 0.000240 0.075381 0.104256 0.317772 0.686824 0.227715 0.148199 0.130840 
0.105439 0.011865 0.619116 0.747264 0.071785 0.028827 0.694130 0.003839 0.777929 0.238874 
0.371068 0.609248 0.450868 0.006833 0.726432 0.593734 0.055381 0.754786 0.319294 0.525079 
0.674612 0.429066 0.943960 0.409483 0.518332 0.988985 0.608617 0.372968 0.698814 0.406970 
0.793049 0.927259 0.291551 0.739459 0.898733 0.295307 0.469369 0.170409 0.673442 0.844653 
——————————–——————————–——————————–——————————–——————————–——————————–——————————–——————————––
C
2.070870 2.584801 1.650496 2.120366 2.565920 1.696593 2.349277 0.929746 1.965394 2.398860 
2.990829 3.917904 2.730014 2.774797 3.642977 2.911426 3.278612 1.827430 2.623128 3.459980 
2.228781 2.148392 2.092475 2.462767 2.601606 1.442079 3.052863 0.967390 2.467028 1.959051 
2.318437 2.714367 2.501704 2.276535 2.878813 2.331175 2.628774 1.473970 2.408250 2.559714 
2.692807 2.974691 2.567529 2.910272 3.169796 2.222954 3.699436 1.431579 2.695783 2.830131 
1.528669 1.586174 1.266855 1.846597 2.113689 1.117437 2.281563 0.762136 1.452389 1.956066 
3.063287 3.902806 2.368365 2.921810 4.026057 2.394681 3.268506 1.471770 2.619948 3.297065 
1.520947 1.700310 1.406116 1.776506 1.785435 1.253786 2.259565 0.758874 1.423317 1.807591 
1.525615 2.046599 1.356151 1.449183 2.287053 1.474369 1.577658 0.788129 1.609351 1.702063 
2.877511 3.255851 2.998820 2.850473 4.031126 2.946689 3.281933 1.894998 2.856123 3.424378 
——————————–——————————–——————————–——————————–——————————–——————————–——————————–——————————––
V
5.795999 5.586759 4.800546 5.256445 4.681088 4.989230 4.283668 4.277730 4.831035 3.439119 
——————————–——————————–——————————–——————————–——————————–——————————–——————————–——————————––
E
47.941619
=========================================================================================

=========================================================================================
Entrada: inputs/input_2.txt;
——————————–——————————–——————————–——————————–——————————–——————————–——————————–——————————––
A
0.362736 0.696483 0.130582 0.065788 0.769523 0.425283 0.165941 0.062551 0.994257 0.689972 
0.242404 0.869278 0.481785 0.851574 0.102504 0.676794 0.461716 0.618020 0.824502 0.871003 
0.689683 0.765988 0.513986 0.538439 0.941660 0.179561 0.582655 0.303300 0.698096 0.738202 
0.955137 0.590296 0.630040 0.995960 0.091873 0.811713 0.093626 0.624468 0.291057 0.095643 
0.675260 0.821457 0.825537 0.147710 0.195162 0.701542 0.798654 0.103595 0.690822 0.528603 
0.633162 0.796653 0.828496 0.419850 0.228010 0.408258 0.562045 0.643021 0.663563 0.466892 
0.559967 0.445953 0.269651 0.925508 0.672751 0.238241 0.059972 0.630397 0.540808 0.589559 
0.079231 0.403805 0.934580 0.099582 0.494966 0.571279 0.354283 0.521853 0.057335 0.343372 
0.173485 0.165419 0.881703 0.353752 0.665471 0.995167 0.793195 0.755577 0.232609 0.770474 
0.300566 0.259245 0.823354 0.405410 0.913950 0.551873 0.566512 0.672344 0.647110 0.211651 
——————————–——————————–——————————–——————————–——————————–——————————–——————————–——————————––
B
0.592079 0.544771 0.460726 0.706590 0.490759 0.943469 0.546350 0.042270 0.743354 0.658598 
0.095630 0.703619 0.946120 0.192855 0.875769 0.087919 0.127728 0.746923 0.673578 0.828682 
0.264500 0.161512 0.475643 0.428027 0.924658 0.875493 0.868208 0.664326 0.468015 0.265803 
0.202722 0.467991 0.472077 0.706449 0.439854 0.176918 0.597873 0.963179 0.651541 0.929325 
0.355896 0.345251 0.674855 0.157492 0.477663 0.726203 0.704275 0.230674 0.780536 0.245678 
0.805949 0.579873 0.464263 0.633368 0.124097 0.014436 0.515218 0.424918 0.898193 0.273332 
0.471091 0.367554 0.546093 0.696457 0.701658 0.372786 0.441720 0.061603 0.449445 0.587261 
0.171568 0.587715 0.505314 0.869737 0.736592 0.405014 0.001660 0.562791 0.293952 0.356586 
0.616414 0.701959 0.472446 0.540200 0.393586 0.893084 0.424088 0.488699 0.595462 0.092844 
0.821820 0.977017 0.212217 0.194119 0.598631 0.984961 0.678246 0.372563 0.536361 0.625854 
——————————–——————————–——————————–——————————–——————————–——————————–——————————–——————————––
C
2.214687 2.721631 2.374389 1.724557 2.324877 2.749141 2.163942 1.832262 2.880466 1.861094 
2.656243 3.610559 3.087483 3.065093 3.458371 2.978475 2.737170 3.214734 3.581252 3.122819 
2.570056 3.282596 3.217895 2.687455 3.542376 3.640324 3.053123 2.577643 3.678939 2.983557 
2.086670 2.705120 2.731727 3.074708 2.848451 2.401239 2.453309 2.760308 3.302433 2.820235 
2.615787 2.978317 2.935146 2.690449 3.284413 3.087348 2.782241 2.317966 3.404610 2.622779 
2.333326 3.057675 3.025563 2.946522 3.527410 3.160949 2.636341 2.697396 3.300409 2.768346 
2.018855 2.814104 2.541617 2.504397 2.744905 2.800685 2.403649 2.526164 3.035445 2.579716 
1.563454 1.839640 2.066471 1.842263 2.468910 2.046626 2.023304 1.850130 2.263570 1.619883 
2.742226 2.977339 2.822290 3.001697 3.308134 3.078702 3.047157 2.508545 3.427157 2.488990 
2.227824 2.568819 2.839514 2.764639 3.093367 3.040500 2.751899 2.397507 3.207695 2.148755 
——————————–——————————–——————————–——————————–——————————–——————————–——————————–——————————––
V
4.671631 5.814577 6.319714 4.803573 5.075870 5.559711 4.438599 4.935126 5.640159 5.305371 
——————————–——————————–——————————–——————————–——————————–——————————–——————————–——————————––
E
52.564331
=========================================================================================

=========================================================================================
Entrada: inputs/input_3.txt;
——————————–——————————–——————————–——————————–——————————–——————————–——————————–——————————––
A
0.195532 0.526962 0.823899 0.315180 0.672581 0.307560 0.061251 0.789351 0.463711 0.304017 
0.127421 0.670748 0.498709 0.700611 0.152872 0.897365 0.287322 0.662823 0.920337 0.257260 
0.153307 0.807824 0.527081 0.171540 0.649483 0.468409 0.679972 0.149351 0.804037 0.700799 
0.325120 0.152859 0.861794 0.625221 0.583568 0.642323 0.676261 0.331613 0.986518 0.460075 
0.475487 0.282580 0.396789 0.959036 0.151414 0.505142 0.316266 0.101386 0.486451 0.753690 
0.120834 0.651064 0.485648 0.813832 0.335314 0.699510 0.689985 0.145367 0.390402 0.595203 
0.418175 0.009834 0.840302 0.837285 0.591317 0.544173 0.138672 0.517599 0.283006 0.498423 
0.387509 0.525005 0.680117 0.995483 0.042464 0.803589 0.632311 0.001532 0.563354 0.812733 
0.048147 0.800086 0.651387 0.804714 0.846394 0.102710 0.764358 0.727901 0.177396 0.992397 
0.014810 0.861987 0.661625 0.420183 0.360447 0.617971 0.625494 0.005089 0.950348 0.868958 
——————————–——————————–——————————–——————————–——————————–——————————–——————————–——————————––
B
0.764788 0.025238 0.212422 0.472298 0.585148 0.731831 0.462686 0.689063 0.229714 0.513868 
0.298725 0.282602 0.408143 0.288168 0.202001 0.669866 0.196217 0.405244 0.526931 0.610927 
0.213766 0.052859 0.455048 0.404497 0.437559 0.859159 0.363759 0.393984 0.375663 0.311350 
0.179468 0.486231 0.222685 0.653643 0.288710 0.683888 0.982024 0.326016 0.878412 0.754955 
0.870243 0.086670 0.740582 0.385867 0.901122 0.045924 0.480570 0.200403 0.451484 0.778665 
0.447902 0.251611 0.059651 0.897754 0.605107 0.697885 0.467328 0.853557 0.246599 0.733753 
0.485159 0.868310 0.056996 0.405231 0.202913 0.978590 0.665228 0.923705 0.178664 0.546386 
0.745393 0.914411 0.402637 0.641550 0.479586 0.208116 0.729462 0.665165 0.086529 0.186093 
0.905695 0.995021 0.743429 0.238458 0.413488 0.533039 0.889719 0.348968 0.149784 0.588091 
0.786842 0.208880 0.893306 0.856194 0.220482 0.417646 0.326686 0.692160 0.341082 0.875544 
——————————–——————————–——————————–——————————–——————————–——————————–——————————–——————————––
C
2.539996 1.786216 2.155788 2.221225 2.114306 2.263391 2.398475 2.126821 1.540855 2.385513 
2.734559 2.623895 2.047794 2.759138 2.124750 3.100583 3.130348 2.786620 1.810075 2.983759 
2.997882 2.190990 2.471919 2.464765 2.098319 2.997977 2.626242 2.719647 1.712184 3.201087 
3.217051 2.581294 2.449789 2.872639 2.498865 3.432192 3.408301 3.002498 1.904250 3.340687 
2.325641 1.728152 1.846490 2.559796 1.708036 2.798197 2.633783 2.423660 1.837753 2.890730 
2.406914 2.058319 1.903461 2.706026 1.877501 3.164100 2.754391 2.750281 1.989373 3.154591 
2.512562 1.632450 2.003998 2.686717 2.221511 2.616550 2.746232 2.395282 1.835513 2.749276 
2.631753 2.164760 2.088630 3.085324 1.983493 3.721981 3.091727 3.110912 2.187627 3.494526 
3.196999 2.465335 2.800379 3.130295 2.328341 3.200225 3.182698 3.072699 2.356292 3.584593 
2.927848 2.344880 2.573864 2.718886 2.006253 3.374530 2.840533 2.871140 1.941305 3.453954 
——————————–——————————–——————————–——————————–——————————–——————————–——————————–——————————––
V
2.266342 5.288949 6.427351 6.643085 4.385854 5.588752 4.871892 3.432012 6.025560 6.243555 
——————————–——————————–——————————–——————————–——————————–——————————–——————————–——————————––
E
51.173352
=========================================================================================

=========================================================================================
Entrada: inputs/input_4.txt;
——————————–——————————–——————————–——————————–——————————–——————————–——————————–——————————––
A
0.657128 0.250266 0.587611 0.376730 0.669686 0.982302 0.232125 0.225429 0.058709 0.367456 
0.806913 0.505039 0.275850 0.790924 0.731620 0.715902 0.188067 0.324556 0.392622 0.789749 
0.436511 0.804493 0.020327 0.160311 0.541835 0.380717 0.902930 0.951742 0.481512 0.025717 
0.876887 0.597391 0.888053 0.243476 0.459323 0.032432 0.932239 0.539852 0.927125 0.256081 
0.522489 0.240843 0.379333 0.659809 0.609618 0.388526 0.085301 0.025338 0.261773 0.207368 
0.452216 0.403491 0.595202 0.057035 0.606297 0.444812 0.955486 0.973658 0.535638 0.737082 
0.617113 0.550644 0.620981 0.279517 0.980481 0.120692 0.861436 0.603861 0.199447 0.118411 
0.657072 0.783350 0.242830 0.617024 0.044980 0.537534 0.525241 0.536695 0.423720 0.192348 
0.935569 0.724650 0.807650 0.841640 0.479967 0.322528 0.378624 0.134492 0.476526 0.079192 
0.756562 0.981760 0.978578 0.168179 0.060165 0.711055 0.164683 0.979492 0.740178 0.105132 
——————————–——————————–——————————–——————————–——————————–——————————–——————————–——————————––
B
0.065398 0.176120 0.550641 0.089264 0.802354 0.330259 0.447418 0.503949 0.634190 0.862201 
0.502044 0.805079 0.395461 0.636320 0.443725 0.857832 0.030281 0.485095 0.326459 0.870783 
0.949491 0.439017 0.455680 0.377475 0.311711 0.115891 0.213322 0.423546 0.956762 0.038489 
0.115249 0.477493 0.493366 0.663360 0.956041 0.185664 0.564347 0.640082 0.410128 0.192322 
0.072892 0.009891 0.684520 0.624686 0.455137 0.680495 0.152631 0.311197 0.157283 0.124839 
0.699201 0.323018 0.553461 0.429518 0.788385 0.675222 0.632181 0.532339 0.641089 0.338704 
0.365857 0.664211 0.797023 0.865673 0.039404 0.385497 0.833465 0.402417 0.246869 0.243270 
0.014730 0.849695 0.948255 0.472752 0.263114 0.662211 0.208964 0.385915 0.697335 0.180424 
0.740014 0.550179 0.045480 0.072008 0.041125 0.726304 0.046423 0.555127 0.989315 0.900666 
0.321627 0.050882 0.091824 0.004242 0.468424 0.291167 0.321985 0.118251 0.174730 0.025843 
——————————–——————————–——————————–——————————–——————————–——————————–——————————–——————————––
C
1.755484 1.475723 2.351704 1.843186 2.503864 2.077139 1.724369 1.930353 2.287022 1.455402 
1.831418 1.942845 2.605019 2.134575 3.089953 2.662336 1.942850 2.395783 2.638114 2.110383 
1.484866 2.613021 2.874881 2.433260 1.731415 2.827729 1.619928 2.093732 2.321405 2.130824 
2.402146 2.757560 2.896864 2.386076 2.049723 2.749457 1.843173 2.552318 3.362246 2.591419 
1.199385 1.131798 1.636620 1.434022 1.976833 1.522975 1.188322 1.573619 1.722419 1.275860 
2.156422 2.636861 3.146006 2.458559 2.069695 2.904727 2.009465 2.282457 2.965447 1.911073 
1.604228 2.207800 2.995538 2.535692 1.998176 2.460037 1.700493 2.093824 2.363247 1.753714 
1.692538 2.369498 2.379446 2.056802 2.254080 2.346890 1.695931 2.185522 2.466235 2.175559 
2.067952 2.245519 2.550303 2.272156 2.708324 2.329044 1.756248 2.503021 2.902594 2.347384 
2.648687 3.018069 2.871841 2.175558 2.440343 3.038062 1.540738 2.644479 3.745190 2.711722 
——————————–——————————–——————————–——————————–——————————–——————————–——————————–——————————––
V
6.718460 5.841927 5.396415 4.194645 5.183972 4.636500 5.226132 5.295115 4.497250 2.878536 
——————————–——————————–——————————–——————————–——————————–——————————–——————————–——————————––
E
49.868952
=========================================================================================

=========================================================================================
Entrada: inputs/input_5.txt;
——————————–——————————–——————————–——————————–——————————–——————————–——————————–——————————––
A
0.519431 0.153659 0.109205 0.930355 0.599862 0.720930 0.717972 0.111424 0.022943 0.090021 
0.754673 0.560702 0.541101 0.963581 0.627815 0.846910 0.594913 0.345499 0.492430 0.949506 
0.599067 0.536702 0.636184 0.202200 0.544240 0.117040 0.377675 0.661047 0.619459 0.707396 
0.929249 0.275178 0.660388 0.160059 0.975390 0.774593 0.530438 0.482290 0.229578 0.479000 
0.792808 0.033359 0.749883 0.266574 0.633116 0.478297 0.445162 0.086736 0.839312 0.278787 
0.808258 0.185594 0.838068 0.644430 0.113600 0.557982 0.443494 0.619798 0.857151 0.029735 
0.133940 0.731475 0.648209 0.991960 0.704690 0.977510 0.808646 0.184245 0.308947 0.156976 
0.837683 0.535447 0.605483 0.008057 0.655120 0.818420 0.201309 0.229726 0.530033 0.485134 
0.251405 0.578878 0.623529 0.501826 0.360222 0.131971 0.093834 0.108020 0.613361 0.013267 
0.291166 0.522389 0.266387 0.330814 0.476696 0.761664 0.567525 0.362982 0.329385 0.448587 
——————————–——————————–——————————–——————————–——————————–——————————–——————————–——————————––
B
0.744923 0.322664 0.778432 0.733339 0.899107 0.075931 0.223177 0.881529 0.360189 0.875310 
0.035325 0.210884 0.937026 0.757845 0.715834 0.765677 0.147939 0.314225 0.274125 0.165193 
0.061413 0.485324 0.476135 0.707327 0.739165 0.578107 0.839520 0.701315 0.440214 0.223417 
0.641019 0.054045 0.161352 0.800549 0.196680 0.457581 0.969407 0.151719 0.491020 0.668379 
0.998102 0.892688 0.909922 0.219123 0.274441 0.245887 0.800689 0.278342 0.636624 0.466847 
0.023299 0.935331 0.435679 0.298121 0.563641 0.243361 0.546576 0.138758 0.482601 0.608934 
0.924840 0.429977 0.417961 0.852231 0.560641 0.642933 0.266145 0.302484 0.384611 0.381333 
0.423779 0.640285 0.005622 0.468128 0.635091 0.995997 0.718937 0.154562 0.243894 0.177862 
0.836366 0.078428 0.291892 0.141303 0.919036 0.486003 0.949300 0.001639 0.215693 0.765317 
0.790429 0.755706 0.390821 0.271113 0.287595 0.497853 0.043621 0.264004 0.465575 0.561797 
——————————–——————————–——————————–——————————–——————————–——————————–——————————–——————————––
C
2.412539 1.962968 1.952947 2.357462 1.931958 1.597437 2.303474 1.249119 1.814095 2.207054 
3.738223 3.262203 3.231626 3.518282 3.597623 3.039469 3.520935 2.144224 2.806622 3.525537 
2.886503 2.390287 2.469829 2.522701 3.052473 2.633497 2.637616 1.745492 1.914644 2.348746 
3.102264 3.199106 3.025098 2.770027 3.208803 2.336055 2.888768 2.133852 2.368387 2.773250 
2.822543 2.177182 2.373426 2.245981 2.942954 1.832608 2.827942 1.741341 1.892789 2.616136 
2.612805 2.042040 2.103226 2.830587 3.390033 2.480408 3.310689 1.804589 1.889425 2.700960 
2.735834 2.717566 2.816005 3.212623 2.962085 2.741755 3.390233 1.599828 2.437224 2.635886 
2.468515 2.669646 2.825819 2.327880 3.112082 2.044921 2.497225 1.853805 2.004682 2.562365 
1.586351 1.145573 1.725297 1.804918 2.061981 1.645723 2.197718 1.085109 1.264056 1.570795 
2.266061 2.330491 2.172662 2.215937 2.438264 2.139859 2.228845 1.242941 1.785537 2.093203 
——————————–——————————–——————————–——————————–——————————–——————————–——————————–——————————––
V
5.917680 4.113383 5.678437 4.999856 5.690751 6.185317 4.780968 3.191767 4.842599 3.638409 
——————————–——————————–——————————–——————————–——————————–——————————–——————————–——————————––
E
49.039167
=========================================================================================

=========================================================================================
Entrada: inputs/input_6.txt;
——————————–——————————–——————————–——————————–——————————–——————————–——————————–——————————––
A
0.885520 0.309185 0.153278 0.592234 0.647405 0.352743 0.721041 0.313853 0.233031 0.564689 
0.891036 0.621705 0.198675 0.370698 0.056787 0.060040 0.737601 0.566269 0.085658 0.077444 
0.815886 0.926646 0.536455 0.939211 0.909839 0.818503 0.681651 0.108377 0.811212 0.410461 
0.378904 0.021482 0.511084 0.295460 0.118952 0.760807 0.078465 0.220521 0.534131 0.718954 
0.682690 0.686027 0.360491 0.199280 0.420829 0.553317 0.355247 0.192184 0.383871 0.300205 
0.299070 0.963517 0.816682 0.077809 0.565756 0.540912 0.532702 0.475255 0.088964 0.945803 
0.028953 0.603676 0.986393 0.031404 0.667391 0.584481 0.135183 0.293962 0.044180 0.071455 
0.499262 0.536515 0.339417 0.714696 0.697470 0.791820 0.641059 0.876322 0.164903 0.304745 
0.072331 0.518489 0.698272 0.270476 0.836746 0.178275 0.889073 0.384309 0.504728 0.622356 
0.203170 0.265826 0.419130 0.264316 0.980666 0.557687 0.999383 0.352622 0.186778 0.700870 
——————————–——————————–——————————–——————————–——————————–——————————–——————————–——————————––
B
0.169360 0.508073 0.933436 0.644259 0.034249 0.776068 0.424247 0.206337 0.289192 0.859293 
0.388855 0.432743 0.514023 0.791147 0.769464 0.581161 0.590656 0.383087 0.962877 0.198313 
0.051932 0.970009 0.129339 0.058586 0.160864 0.737623 0.960122 0.393256 0.964946 0.058312 
0.750821 0.787759 0.324667 0.131305 0.442420 0.915213 0.745255 0.336435 0.325387 0.955574 
0.063366 0.903021 0.802139 0.069559 0.901187 0.379639 0.694556 0.598857 0.842982 0.822030 
0.165964 0.616446 0.785759 0.033296 0.250257 0.377012 0.806300 0.343244 0.210913 0.395635 
0.872810 0.158509 0.342960 0.744738 0.058763 0.070210 0.521736 0.299149 0.561983 0.850301 
0.686614 0.245801 0.179573 0.731508 0.698356 0.294032 0.315397 0.401354 0.001909 0.894622 
0.065107 0.710264 0.743989 0.101988 0.881899 0.132156 0.231818 0.146080 0.759074 0.528740 
0.153040 0.800180 0.438890 0.807368 0.747549 0.899079 0.904405 0.877360 0.517871 0.875984 
——————————–——————————–——————————–——————————–——————————–——————————–——————————–——————————––
C
1.768807 2.809796 2.718944 2.204887 2.115812 2.582164 2.920817 1.940608 2.389687 3.580595 
1.744890 1.673693 1.842446 2.166993 1.343298 1.882061 1.953432 1.207868 1.749898 2.572112 
2.210040 4.441238 4.022094 2.505104 3.405546 3.636957 4.349473 2.602127 4.102681 4.350404 
0.819410 2.528035 1.999420 1.218136 1.707150 2.073262 2.464927 1.539966 1.802594 2.216980 
1.182182 2.487918 2.447243 1.764235 1.933169 2.147255 2.534348 1.557291 2.389002 2.438914 
1.593575 3.287978 2.533495 2.587449 2.711344 2.923636 3.671011 2.495543 3.276228 3.002791 
0.787382 2.402705 1.633086 1.001954 1.691394 1.769362 2.512228 1.463564 2.384618 1.475864 
2.241619 3.174015 2.833053 2.316041 2.650328 2.765494 3.434788 2.206895 2.620942 3.807973 
1.703788 3.108895 2.346014 2.094562 2.663096 2.306608 3.198783 2.181401 3.230729 3.134351 
1.746502 3.000953 2.543785 2.074379 2.412828 2.274451 3.283194 2.258898 2.816511 3.409038 
——————————–——————————–——————————–——————————–——————————–——————————–——————————–——————————––
V
4.756822 5.453068 5.019877 3.755584 5.901841 5.198585 5.771405 3.783674 3.037456 4.716982 
——————————–——————————–——————————–——————————–——————————–——————————–——————————–——————————––
E
47.395294
=========================================================================================

=========================================================================================
Entrada: inputs/input_7.txt;
——————————–——————————–——————————–——————————–——————————–——————————–——————————–——————————––
A
0.349464 0.725791 0.529199 0.818442 0.688103 0.580241 0.748391 0.370552 0.131249 0.884176 
0.284974 0.487634 0.627416 0.314135 0.712853 0.326779 0.657505 0.628239 0.823479 0.331553 
0.655149 0.950343 0.843934 0.302152 0.838843 0.685973 0.781226 0.945335 0.974428 0.615613 
0.721069 0.806868 0.707767 0.229800 0.374695 0.307166 0.831553 0.087030 0.286509 0.588088 
0.468114 0.560997 0.610655 0.365758 0.267501 0.895100 0.973622 0.778195 0.967241 0.725271 
0.909109 0.367589 0.758440 0.126044 0.086975 0.652887 0.507604 0.553136 0.804431 0.864596 
0.704851 0.104092 0.654989 0.147396 0.270487 0.182783 0.426142 0.785189 0.104684 0.779109 
0.421698 0.360266 0.111620 0.775338 0.277522 0.209661 0.595527 0.238327 0.837702 0.312482 
0.566217 0.227557 0.687091 0.498350 0.306206 0.598038 0.503504 0.227772 0.422092 0.492711 
0.087847 0.490381 0.291282 0.528970 0.728638 0.859171 0.693546 0.245190 0.878909 0.740687 
——————————–——————————–——————————–——————————–——————————–——————————–——————————–——————————––
B
0.790530 0.505158 0.384051 0.825279 0.319452 0.325396 0.865253 0.787214 0.623229 0.790130 
0.579652 0.596487 0.524317 0.850206 0.937971 0.993080 0.698513 0.047253 0.092706 0.224097 
0.943199 0.801112 0.535758 0.439942 0.683453 0.368955 0.605309 0.945416 0.648685 0.659199 
0.697839 0.553493 0.837138 0.712517 0.494812 0.227795 0.507141 0.755751 0.686087 0.345224 
0.252044 0.530151 0.018218 0.581150 0.739146 0.756399 0.378894 0.287825 0.901068 0.302582 
0.850106 0.721059 0.825851 0.776077 0.852649 0.701999 0.145130 0.147204 0.816630 0.406010 
0.987728 0.272876 0.019116 0.063934 0.431127 0.939896 0.932414 0.785470 0.891077 0.484891 
0.064598 0.368519 0.737830 0.252386 0.645973 0.704209 0.424638 0.407142 0.658129 0.375537 
0.569331 0.561412 0.818053 0.903587 0.117491 0.988304 0.305049 0.359655 0.868260 0.690667 
0.455231 0.748441 0.117523 0.253850 0.053214 0.124745 0.544190 0.487053 0.136364 0.717557 
——————————–——————————–——————————–——————————–——————————–——————————–——————————–——————————––
C
3.674319 3.345807 2.474147 3.056063 3.186905 3.348346 3.266030 2.928268 3.429030 2.741094 
3.086184 2.846267 2.435811 2.846351 2.741888 3.564240 2.755276 2.561120 3.514072 2.566258 
4.537933 4.249843 3.618685 4.280390 4.126616 5.093015 4.074269 3.578097 4.815490 3.772144 
3.479026 2.819845 1.915650 2.695640 2.603139 3.047828 3.138761 2.679699 2.856653 2.590300 
4.247592 3.688283 3.320643 3.559423 3.309687 4.358274 3.511298 3.240221 4.281259 3.421567 
3.700699 3.313816 2.772007 3.161917 2.553576 3.263017 3.118170 3.000808 3.423368 3.265408 
2.447655 2.347178 1.720144 1.880208 1.943859 2.094990 2.469497 2.466701 2.461551 2.351816 
2.659512 2.199292 2.147155 2.514347 1.842213 2.664342 2.294946 2.169501 2.779315 2.105337 
3.137566 2.668655 2.202420 2.556345 2.286772 2.540949 2.483403 2.538876 2.958122 2.433568 
3.450051 3.196214 2.612760 3.173119 2.820057 3.683370 2.685867 2.425117 3.653751 2.690125 
——————————–——————————–——————————–——————————–——————————–——————————–——————————–——————————––
V
5.168492 5.081518 5.822393 4.106385 4.551823 5.297799 6.718620 4.858965 6.230724 6.334286 
——————————–——————————–——————————–——————————–——————————–——————————–——————————–——————————––
E
54.171005
=========================================================================================

=========================================================================================
Entrada: inputs/input_8.txt;
——————————–——————————–——————————–——————————–——————————–——————————–——————————–——————————––
A
0.623486 0.495746 0.985597 0.485344 0.140530 0.201499 0.322347 0.383385 0.435004 0.239531 
0.516225 0.671475 0.367958 0.832696 0.074804 0.388632 0.368285 0.422057 0.765850 0.237434 
0.801495 0.815686 0.544788 0.218295 0.295213 0.127777 0.757643 0.396173 0.139186 0.914364 
0.000530 0.986133 0.139686 0.385269 0.519173 0.982969 0.837409 0.247636 0.224428 0.182299 
0.497541 0.000520 0.091145 0.975548 0.636576 0.680895 0.980023 0.985448 0.355428 0.683896 
0.117268 0.465273 0.640432 0.391751 0.203154 0.657929 0.236398 0.664734 0.476238 0.831529 
0.672422 0.434065 0.993637 0.703783 0.933352 0.652619 0.428704 0.093321 0.983077 0.144526 
0.313259 0.041647 0.854461 0.564508 0.375629 0.197232 0.654838 0.636469 0.052036 0.699071 
0.800683 0.853886 0.250520 0.284552 0.626769 0.703643 0.270447 0.136917 0.208662 0.984261 
0.091984 0.675321 0.481788 0.748367 0.665141 0.748612 0.035868 0.702471 0.349555 0.377224 
——————————–——————————–——————————–——————————–——————————–——————————–——————————–——————————––
B
0.506047 0.720120 0.585385 0.642615 0.379835 0.915747 0.879045 0.448089 0.488600 0.113993 
0.358346 0.374076 0.185028 0.249000 0.818729 0.100775 0.969736 0.642681 0.483527 0.305095 
0.980878 0.634177 0.552781 0.422547 0.466065 0.700739 0.154282 0.455768 0.553834 0.780901 
0.205530 0.416467 0.981176 0.199116 0.800054 0.649644 0.548407 0.736396 0.323461 0.296804 
0.094477 0.495696 0.772367 0.182279 0.835757 0.210506 0.138000 0.505891 0.434996 0.474299 
0.832957 0.723243 0.159785 0.878875 0.909011 0.495445 0.956022 0.296105 0.446718 0.920435 
0.049851 0.556967 0.561723 0.228855 0.504137 0.033117 0.453311 0.341398 0.141118 0.518168 
0.105862 0.277796 0.132297 0.286717 0.130109 0.384592 0.257347 0.003256 0.977612 0.367157 
0.891080 0.715417 0.841762 0.836885 0.531135 0.946574 0.897843 0.066638 0.835981 0.052197 
0.470406 0.006637 0.675244 0.378325 0.759634 0.589287 0.786007 0.193331 0.098206 0.030766 
——————————–——————————–——————————–——————————–——————————–——————————–——————————–——————————––
C
2.297737 2.275836 2.378173 1.878274 2.416361 2.467313 2.482696 1.721944 2.205801 1.726016 
2.221865 2.393069 2.634428 2.111458 2.827031 2.586857 3.150028 1.820719 2.384318 1.584461 
2.045309 2.195138 2.596450 1.907324 2.965703 2.313215 3.151278 1.925594 2.044219 1.661513 
1.791364 2.283556 2.011225 1.859601 3.220418 1.487166 2.989100 1.871984 1.909797 2.217520 
1.960770 2.708982 3.341240 2.330088 3.493916 2.775552 3.280246 2.000552 2.656435 2.255467 
2.399671 2.066892 2.338264 2.112932 2.895501 2.430567 2.884355 1.504897 2.308957 1.890641 
3.222128 3.473470 3.717174 2.846152 3.870449 3.398623 3.518598 2.456933 3.001681 2.549446 
1.802605 1.930385 2.506819 1.567313 2.467791 2.161013 2.054392 1.584952 1.907309 1.840137 
2.337616 2.337456 2.651196 2.270471 3.523752 2.499375 3.604587 2.053673 2.064965 1.808390 
2.166419 2.274908 2.474795 2.003902 3.229208 2.311507 2.835345 1.914823 2.525202 2.125748 
——————————–——————————–——————————–——————————–——————————–——————————–——————————–——————————––
V
4.434893 5.439752 5.350012 5.590113 4.470341 5.341807 4.891962 4.668611 3.989464 5.294135 
——————————–——————————–——————————–——————————–——————————–——————————–——————————–——————————––
E
49.471090
=========================================================================================

=========================================================================================
Entrada: inputs/input_9.txt;
——————————–——————————–——————————–——————————–——————————–——————————–——————————–——————————––
A
0.459708 0.800134 0.485510 0.104452 0.845125 0.477852 0.059589 0.023928 0.157936 0.027745 
0.788656 0.062836 0.537789 0.348100 0.335555 0.584220 0.405928 0.848504 0.795506 0.787543 
0.254267 0.367818 0.841763 0.034869 0.486891 0.448668 0.164639 0.630139 0.551431 0.409216 
0.389707 0.753480 0.505209 0.400168 0.249958 0.840699 0.540922 0.700850 0.318276 0.291510 
0.983876 0.674257 0.028274 0.206967 0.388696 0.469594 0.306895 0.360233 0.562159 0.179802 
0.565017 0.412383 0.199273 0.599540 0.972501 0.243942 0.244098 0.178192 0.544235 0.926034 
0.975721 0.270718 0.376193 0.541646 0.308423 0.413342 0.225932 0.734915 0.320462 0.457343 
0.976255 0.053063 0.555277 0.352774 0.340864 0.165772 0.676206 0.761619 0.701573 0.941789 
0.268811 0.507999 0.168800 0.621760 0.754699 0.665384 0.723778 0.174637 0.925267 0.333386 
0.270054 0.552501 0.666098 0.375376 0.878124 0.279570 0.070437 0.161130 0.237396 0.688860 
——————————–——————————–——————————–——————————–——————————–——————————–——————————–——————————––
B
0.425488 0.022422 0.351180 0.946392 0.291916 0.027634 0.372559 0.503038 0.293520 0.793670 
0.921539 0.167011 0.578766 0.904352 0.736614 0.203904 0.803167 0.007770 0.360932 0.560782 
0.851859 0.880971 0.711449 0.221499 0.969943 0.320115 0.920677 0.838396 0.686394 0.374423 
0.694333 0.898905 0.631207 0.306225 0.433440 0.190178 0.821672 0.624401 0.334336 0.894075 
0.507669 0.350046 0.902037 0.528601 0.198214 0.138232 0.906664 0.442309 0.505983 0.413452 
0.189068 0.132040 0.431582 0.933114 0.311029 0.867680 0.556821 0.649995 0.157899 0.814596 
0.186525 0.698946 0.326430 0.877752 0.243940 0.417340 0.619118 0.889725 0.264842 0.076700 
0.466270 0.113487 0.301098 0.095509 0.642254 0.258877 0.168159 0.308776 0.187273 0.360967 
0.459338 0.125741 0.865879 0.195706 0.421307 0.607473 0.095617 0.140606 0.293219 0.300505 
0.898623 0.008428 0.145513 0.987361 0.316375 0.453516 0.261610 0.130780 0.442822 0.718116 
——————————–——————————–——————————–——————————–——————————–——————————–——————————–——————————––
C
2.058206 1.088937 2.171890 2.303710 1.661140 1.022171 2.442331 1.480386 1.373831 1.907999 
2.918553 1.496144 2.661882 3.122057 2.425522 2.055742 2.431078 2.431615 1.850124 2.930415 
2.465977 1.329093 2.336381 2.163089 2.219456 1.567127 2.252741 1.837362 1.618543 2.020869 
2.690073 1.637957 2.478872 3.093114 2.451680 1.898976 2.798490 2.312884 1.623046 2.666408 
2.138890 0.871274 2.161366 2.845520 1.724062 1.318646 2.069450 1.617100 1.284770 2.349472 
2.957057 1.435726 2.679141 3.129207 1.886743 1.522185 2.710757 1.887390 1.850167 2.802726 
2.538897 1.333401 2.204532 2.748941 2.080416 1.393508 2.295895 2.084431 1.538689 2.722901 
3.036455 1.633471 2.564869 3.271265 2.382331 1.806272 2.468969 2.494458 1.947911 2.817788 
2.607988 1.795371 3.007427 3.123641 2.026453 2.025497 2.882366 2.306810 1.716251 2.607387 
2.767106 1.470041 2.415502 2.546599 1.994227 1.296428 2.691509 1.738992 1.773330 2.329567 
——————————–——————————–——————————–——————————–——————————–——————————–——————————–——————————––
V
5.932072 4.455189 4.364186 3.585652 5.560836 4.589043 3.418424 4.574147 5.114241 5.043228 
——————————–——————————–——————————–——————————–——————————–——————————–——————————–——————————––
E
46.637018
=========================================================================================

=========================================================================================
Entrada: inputs/input_10.txt;
——————————–——————————–——————————–——————————–——————————–——————————–——————————–——————————––
A
0.754553 0.906661 0.981243 0.256417 0.558588 0.557921 0.681608 0.357844 0.418191 0.784636 
0.266196 0.857094 0.245772 0.251200 0.870394 0.242281 0.282978 0.839050 0.433364 0.840749 
0.998309 0.098184 0.054464 0.430585 0.055637 0.294060 0.847598 0.601592 0.411920 0.054624 
0.637381 0.643048 0.568682 0.894883 0.757788 0.502656 0.295598 0.068925 0.325603 0.556089 
0.874140 0.016222 0.569986 0.410167 0.377840 0.119731 0.581150 0.691823 0.375201 0.158934 
0.661991 0.049793 0.003691 0.672349 0.960209 0.437422 0.341907 0.281627 0.881516 0.656356 
0.765433 0.535515 0.945715 0.857652 0.460475 0.247763 0.347670 0.617557 0.215202 0.448470 
0.767920 0.208962 0.172425 0.383297 0.282141 0.955544 0.229296 0.729447 0.370148 0.415498 
0.148445 0.652937 0.907606 0.390487 0.054487 0.013489 0.970298 0.446660 0.640008 0.268841 
0.283443 0.243979 0.860776 0.609128 0.961317 0.296223 0.269506 0.956038 0.503418 0.022915 
——————————–——————————–——————————–——————————–——————————–——————————–——————————–——————————––
B
0.210142 0.865214 0.151962 0.022099 0.248043 0.480837 0.085999 0.851143 0.669405 0.199403 
0.365532 0.400918 0.693604 0.119362 0.973636 0.253089 0.291690 0.336212 0.681149 0.168847 
0.124941 0.971323 0.495063 0.543850 0.855311 0.780963 0.806250 0.549325 0.466762 0.988470 
0.451296 0.713408 0.126372 0.811755 0.064544 0.503321 0.635630 0.134840 0.712981 0.312188 
0.187277 0.139795 0.771605 0.118349 0.354589 0.012010 0.908088 0.519337 0.614729 0.489545 
0.318188 0.643752 0.216912 0.466152 0.360702 0.199766 0.294512 0.223069 0.266814 0.599729 
0.035704 0.850263 0.428093 0.150862 0.612101 0.989378 0.539507 0.691001 0.995592 0.316202 
0.548382 0.662506 0.879965 0.507914 0.250648 0.673683 0.878434 0.008535 0.744690 0.020324 
0.908509 0.884031 0.816983 0.447828 0.504475 0.136154 0.142818 0.827806 0.799827 0.571418 
0.053277 0.558651 0.092086 0.145514 0.166275 0.571548 0.671231 0.131370 0.121841 0.897384 
——————————–——————————–——————————–——————————–——————————–——————————–——————————–——————————––
C
1.652733 4.214282 2.834328 1.778913 3.173388 3.026657 3.223502 2.858514 3.630909 3.127462 
1.662134 2.918792 2.803455 1.446982 2.264908 2.106903 3.008419 1.861580 3.011137 2.199196 
1.288096 2.974184 1.641690 1.182437 1.429880 2.154723 1.650464 2.004174 2.808214 1.172133 
1.519551 3.325094 2.135660 1.756877 2.233298 2.174328 2.745665 2.244871 3.041904 2.529548 
1.304276 3.111921 1.974349 1.394938 1.668606 2.287434 2.260069 2.079774 2.832150 1.680127 
1.782691 3.115047 2.232526 1.570807 1.591203 1.794279 2.500891 2.323736 3.000286 2.292911 
1.597359 3.776811 2.382749 1.989106 2.378874 2.774487 3.082599 2.243672 3.312030 2.467528 
1.555781 3.081260 1.901115 1.556961 1.589861 1.950134 2.143510 1.755609 2.556718 1.861394 
1.449342 3.403565 2.375130 1.603514 2.571663 2.647019 2.424339 2.167812 3.126553 2.116511 
1.797953 3.259155 2.891471 2.004860 2.193486 2.239929 3.209419 2.057717 3.247694 2.199864 
——————————–——————————–——————————–——————————–——————————–——————————–——————————–——————————––
V
6.157811 4.212395 5.310360 5.156165 5.338876 3.667090 4.847609 5.590563 4.574571 4.207112 
——————————–——————————–——————————–——————————–——————————–——————————–——————————–——————————––
E
49.062552
=========================================================================================

=========================================================================================
Entrada: inputs/input_11.txt;
——————————–——————————–——————————–——————————–——————————–——————————–——————————–——————————––
A
0.955561 0.986894 0.937237 0.873721 0.468762 0.706699 0.207194 0.529272 0.509895 0.554823 
0.564407 0.233225 0.218442 0.675525 0.496929 0.269135 0.770925 0.434427 0.330683 0.384511 
0.556497 0.245008 0.252011 0.924939 0.606806 0.564627 0.647578 0.043574 0.087231 0.160494 
0.768861 0.332996 0.822689 0.954653 0.287813 0.742399 0.555421 0.373527 0.738133 0.508758 
0.532395 0.813005 0.913045 0.913563 0.703309 0.299125 0.412407 0.460625 0.754593 0.857406 
0.875848 0.009603 0.793879 0.846924 0.229817 0.654201 0.324656 0.410507 0.552646 0.038598 
0.204803 0.955115 0.875756 0.302073 0.576675 0.613309 0.950963 0.486296 0.140130 0.549407 
0.281727 0.535357 0.729843 0.973024 0.791924 0.634236 0.945041 0.600758 0.127929 0.283012 
0.698729 0.883862 0.020237 0.009583 0.093679 0.817714 0.289541 0.560335 0.943223 0.500657 
0.553752 0.362527 0.019711 0.921913 0.528430 0.745616 0.476410 0.397568 0.351810 0.587524 
——————————–——————————–——————————–——————————–——————————–——————————–——————————–——————————––
B
0.660045 0.910455 0.869988 0.763785 0.218322 0.945613 0.653857 0.335330 0.259202 0.211635 
0.739079 0.527231 0.822014 0.168073 0.169219 0.043745 0.584145 0.464391 0.387156 0.852381 
0.578839 0.308144 0.438800 0.958373 0.921384 0.834385 0.104379 0.258697 0.069641 0.313963 
0.746663 0.347288 0.526961 0.147143 0.013055 0.517908 0.051381 0.159157 0.269669 0.409055 
0.343438 0.358185 0.335114 0.076382 0.388188 0.158676 0.524669 0.087850 0.203648 0.007785 
0.079922 0.633318 0.420247 0.092429 0.040325 0.250106 0.978868 0.959057 0.323594 0.324485 
0.753573 0.110149 0.185101 0.021430 0.142446 0.727788 0.962097 0.307111 0.182847 0.567288 
0.796564 0.645631 0.271109 0.310794 0.417465 0.561265 0.264456 0.666867 0.577958 0.496223 
0.124661 0.024280 0.672445 0.842637 0.029417 0.309929 0.254638 0.979154 0.821233 0.328879 
0.215241 0.256146 0.641085 0.755610 0.776882 0.474732 0.879716 0.280893 0.475100 0.199354 
——————————–——————————–——————————–——————————–——————————–——————————–——————————–——————————––
C
3.533181 3.117054 3.848728 3.041443 2.157546 3.301696 3.238955 2.950895 2.280918 2.586536 
2.418895 1.759101 2.143547 1.562589 1.176152 2.312127 2.366016 1.721627 1.468550 1.592671 
2.206537 1.752345 2.017396 1.164574 0.903239 2.062741 2.249844 1.466043 1.103843 1.421694 
3.018392 2.484468 3.241716 2.797122 1.788357 3.237990 2.978552 2.799838 2.107123 2.183111 
3.384672 2.534101 3.633239 3.069819 2.331421 3.159974 3.092086 2.699878 2.371405 2.450183 
2.457153 2.161975 2.484217 2.263431 1.314820 2.786038 2.061215 2.211358 1.541720 1.580625 
3.060332 2.222618 2.712059 2.006172 2.035197 2.636798 3.264208 2.333594 1.712256 2.395877 
3.320836 2.354463 2.655350 1.795513 1.779302 2.885994 3.009083 2.260214 1.719550 2.287794 
2.120710 2.207957 2.884133 2.139222 1.082087 1.995851 2.932729 2.970769 2.200243 2.029920 
2.420294 2.151225 2.573842 1.621859 1.148256 2.261558 2.800310 2.188326 1.767701 1.755933 
——————————–——————————–——————————–——————————–——————————–——————————–——————————–——————————––
V
5.992580 5.357592 5.582850 7.395918 4.784144 6.047061 5.580136 4.296889 4.536273 4.425190 
——————————–——————————–——————————–——————————–——————————–——————————–——————————–——————————––
E
53.998633
=========================================================================================

=========================================================================================
Entrada: inputs/input_12.txt;
——————————–——————————–——————————–——————————–——————————–——————————–——————————–——————————––
A
0.784534 0.021332 0.204710 0.269021 0.503323 0.489797 0.989785 0.836511 0.804347 0.157813 
0.323785 0.507979 0.429727 0.315897 0.799643 0.156615 0.832926 0.412800 0.418518 0.099836 
0.781888 0.618470 0.093592 0.251342 0.966011 0.611428 0.159718 0.728130 0.789992 0.563862 
0.912807 0.583567 0.684043 0.351904 0.111370 0.762724 0.203029 0.369697 0.120859 0.652674 
0.388957 0.164351 0.917320 0.696776 0.620059 0.196791 0.979286 0.087162 0.466628 0.080954 
0.750511 0.329332 0.200956 0.098823 0.126368 0.903141 0.746798 0.588133 0.728155 0.933608 
0.795436 0.489436 0.473729 0.110563 0.361060 0.988673 0.920261 0.496503 0.620228 0.740184 
0.804995 0.532663 0.516366 0.124304 0.837339 0.112007 0.533939 0.473535 0.274513 0.140473 
0.666518 0.345675 0.050686 0.463616 0.164945 0.702422 0.878313 0.318048 0.349834 0.413908 
0.971758 0.140322 0.615189 0.254597 0.066919 0.954476 0.142388 0.472641 0.037953 0.393976 
——————————–——————————–——————————–——————————–——————————–——————————–——————————–——————————––
B
0.106700 0.210770 0.666837 0.266333 0.996679 0.805631 0.618632 0.926435 0.615417 0.160298 
0.216026 0.491697 0.770493 0.101911 0.882814 0.512327 0.646739 0.433443 0.886082 0.425188 
0.443949 0.072258 0.497864 0.257137 0.406608 0.474504 0.621293 0.873452 0.566571 0.823827 
